                     Environment and Climate Change Canada
                 Environnement et Changement climatique Canada
                                        
           Short Duration Rainfall Intensity-Duration-Frequency Data
          Données sur l'intensité, la durée et la fréquence des chutes
                            de pluie de courte durée
                                        
                 Gumbel - Method of moments/Méthode des moments
                                        
                                   2022/10/31
                                        
================================================================================
 
 SUMMERSIDE                                             PE        8300596       
                     
 Latitude:  46 26'N    Longitude: 63 50'W    Elevation/Altitude: 12         m
 
 Years/Années :  1964 - 2021          # Years/Années :     43   
 
================================================================================
 
********************************************************************************
 
Table 1 : Annual Maximum (mm)/Maximum annuel (mm)
 
********************************************************************************
 
          Year  5 min 10 min 15 min 30 min    1 h    2 h    6 h   12 h   24 h
         Année
          1964    2.5    4.3    5.6    7.6   12.7   20.8   22.6   25.4   29.5
          1965    3.8    5.3    6.1    8.6   11.2   15.0   22.9   24.4   28.4
          1966    3.3    4.6    6.9    9.7   10.7   16.0   28.7   30.5   30.5
          1967    6.3    9.4   12.7   17.8   27.4   32.5   34.0   34.0   46.5
          1968    6.1    6.3    6.9   10.9   14.0   22.4   32.3   51.6   71.6
          1969    2.3    4.6    6.1    7.1    8.4   11.2   23.4   29.5   29.5
          1970    5.8    9.1   11.9   15.0   24.9   30.7   50.5   60.2   60.2
          1971    4.3    8.1    9.1   10.2   15.5   21.1   38.4   40.9   51.6
          1972    4.8    7.4    8.4   11.2   11.7   12.4   18.3   26.4   32.5
          1973    4.6    6.3    8.1   11.7   16.0   24.6   34.3   45.0   46.0
          1974    9.1   11.4   11.9   17.8   23.9   27.7   36.8   45.2   54.6
          1975    7.4   10.4   11.9   13.7   14.7   18.3   34.3   34.3   38.6
          1976    4.8    8.4    9.4   11.9   15.7   22.1   37.8   44.7   49.3
          1977    8.4   13.0   16.8   20.8   22.9   29.2   29.7   32.8   43.2
          1978    2.9    4.6    4.6    8.5   16.9   27.6   30.2   31.7   44.4
          1979    7.2   11.5   15.2   25.1   40.3   46.0   49.3   55.5   71.8
          1980    7.1   11.7   16.1   31.7   42.6   43.2   44.0   44.0   44.0
          1981    9.6   14.1   17.3   19.8   20.3   20.7   29.3   40.8   41.2
          1982    5.1    5.1    5.7    8.5   11.0   17.9   35.4   39.2   42.0
          1983    7.7   12.1   15.4   19.6   22.2   39.1   54.8   59.2   59.2
          1984   12.0   16.8   20.2   30.2   30.7   31.0   36.5   41.8   42.8
          1985    5.0    7.4   10.8   15.4   16.2   16.8   31.0   41.8   47.4
          1986    2.8    4.6    7.0   12.7   17.7   28.0   43.8   44.4   45.6
          1987    6.7   10.3   11.8   20.0   20.9   33.6   39.0   50.5   59.5
          1988    7.5    8.0    9.7   15.6   27.4   31.2   31.8   41.0   42.5
          1989    3.2    5.0    6.4   10.0   12.1   22.4   27.1   28.1   32.5
          1990    4.7    5.6    8.1   12.8   18.4   20.9   38.3   40.4   53.8
          2004   16.8   30.6   32.0   33.0   33.6   34.2   39.4   39.4   39.6
          2005    4.0    7.6   11.0   16.0   17.8   21.4   38.6   70.4   93.2
          2006   10.6   15.4   17.6   19.8   20.4   25.8   44.2   55.6   68.8
          2007    3.6    4.2    6.0    7.8   11.8   17.8   32.0   38.3   45.2
          2008    5.0    9.0   11.0   12.0   20.0   23.6   39.6   55.8   58.0
          2009    6.6   12.4   16.0   21.6   24.6   30.6   47.4   80.0   82.2
          2010    4.2    7.8   10.2   16.8   29.4   40.2   41.4   42.2   53.6
          2011    5.8    9.6   14.2   22.2   25.8   26.4   29.8   34.2   48.4
          2012    3.2    5.6    6.4    9.6   17.8   22.0   29.2   36.6   44.2
          2013    2.8    4.8    6.2   10.4   13.4   21.0   26.8   31.6   37.4
          2015    5.4    7.8   10.4   13.0   16.4   24.8   49.6   61.2   74.0
          2016    2.2    2.8    3.2    4.0    6.6   10.6   25.4   30.2   37.4
          2017    7.6   10.4   12.4   16.8   20.6   24.4   32.4  -99.9  -99.9
          2018    8.8   15.6   19.0   24.2   29.4   32.8   38.0   44.8   45.0
          2019    5.8   10.2   12.0   14.0   18.2   25.6   60.4   82.2   92.6
          2020    8.4   11.8   14.6   22.2   36.0   41.6   45.4   46.6   63.4
          2021    8.0    8.6    9.4   13.6   22.8   31.2   85.2  110.2  113.2
        ---------------------------------------------------------------------
        # Yrs.     44     44     44     44     44     44     44     43     43
        Années
          Mean    6.0    9.1   11.2   15.5   20.2   25.8   37.3   45.2   52.0
       Moyenne
     Std. Dev.    2.9    4.8    5.3    6.7    8.2    8.4   11.6   16.8   18.5
    Écart-type
         Skew.   1.39   2.24   1.50   0.85   0.85   0.44   1.75   1.82   1.38
   Dissymétrie
      Kurtosis   6.42  11.42   7.20   3.58   3.65   3.09   8.68   7.63   5.22
 
          *-99.9 Indicates Missing Data/Données manquantes
 
 Warning: annual maximum amount greater than 100-yr return period amount
 Avertissement : la quantité maximale annuelle excède la quantité
                 pour une période de retour de 100 ans
          Year/Année      Duration/Durée        Data/Données          100-yr/ans
                2004               5 min                16.8                15.0
                2004              10 min                30.6                24.1
                2004              15 min                32.0                27.8
                2021               6 h                  85.2                73.8
                2021              12 h                 110.2                97.9
                2021              24 h                 113.2               109.9
 
********************************************************************************
 
Table 2a : Return Period Rainfall Amounts (mm)
           Quantité de pluie (mm) par période de retour
 
********************************************************************************
 
 Duration/Durée        2        5       10       25       50      100   #Years
                  yr/ans   yr/ans   yr/ans   yr/ans   yr/ans   yr/ans   Années
          5 min      5.5      8.1      9.8     11.9     13.5     15.0       44
         10 min      8.3     12.5     15.3     18.9     21.5     24.1       44
         15 min     10.3     15.0     18.1     22.0     24.9     27.8       44
         30 min     14.4     20.3     24.2     29.2     32.8     36.5       44
          1 h       18.9     26.2     31.0     37.1     41.6     46.1       44
          2 h       24.4     31.9     36.8     43.0     47.6     52.1       44
          6 h       35.3     45.6     52.4     61.0     67.4     73.8       44
         12 h       42.4     57.3     67.1     79.5     88.7     97.9       43
         24 h       48.9     65.3     76.1     89.7     99.9    109.9       43
 
********************************************************************************
 
Table 2b :
 
 Return Period Rainfall Rates (mm/h) - 95% Confidence limits
 Intensité de la pluie (mm/h) par période de retour - Limites de confiance de 95%
 
********************************************************************************
 
 Duration/Durée        2        5       10       25       50      100   #Years
                  yr/ans   yr/ans   yr/ans   yr/ans   yr/ans   yr/ans   Années
          5 min     66.3     96.8    117.1    142.6    161.6    180.4       44
                +/-  9.4 +/- 15.8 +/- 21.3 +/- 28.8 +/- 34.4 +/- 40.1       44
         10 min     49.8     75.1     91.9    113.1    128.9    144.5       44
                +/-  7.8 +/- 13.1 +/- 17.7 +/- 23.9 +/- 28.6 +/- 33.3       44
         15 min     41.2     59.9     72.4     88.0     99.6    111.2       44
                +/-  5.7 +/-  9.7 +/- 13.1 +/- 17.6 +/- 21.1 +/- 24.6       44
         30 min     28.7     40.6     48.4     58.3     65.7     73.0       44
                +/-  3.6 +/-  6.1 +/-  8.3 +/- 11.1 +/- 13.3 +/- 15.5       44
          1 h       18.9     26.2     31.0     37.1     41.6     46.1       44
                +/-  2.2 +/-  3.8 +/-  5.1 +/-  6.8 +/-  8.2 +/-  9.5       44
          2 h       12.2     15.9     18.4     21.5     23.8     26.1       44
                +/-  1.1 +/-  1.9 +/-  2.6 +/-  3.5 +/-  4.2 +/-  4.9       44
          6 h        5.9      7.6      8.7     10.2     11.2     12.3       44
                +/-  0.5 +/-  0.9 +/-  1.2 +/-  1.6 +/-  1.9 +/-  2.2       44
         12 h        3.5      4.8      5.6      6.6      7.4      8.2       43
                +/-  0.4 +/-  0.6 +/-  0.9 +/-  1.2 +/-  1.4 +/-  1.6       43
         24 h        2.0      2.7      3.2      3.7      4.2      4.6       43
                +/-  0.2 +/-  0.4 +/-  0.5 +/-  0.6 +/-  0.8 +/-  0.9       43
 
********************************************************************************
 
Table 3 : Interpolation Equation / Équation d'interpolation: R = A*T^B
 
R = Interpolated Rainfall rate (mm/h)/Intensité interpolée de la pluie (mm/h)
RR = Rainfall rate (mm/h) / Intensité de la pluie (mm/h)
 T = Rainfall duration (h) / Durée de la pluie (h)
 
********************************************************************************
 
       Statistics/Statistiques      2      5     10     25     50    100
                               yr/ans yr/ans yr/ans yr/ans yr/ans yr/ans
      Mean of RR/Moyenne de RR   25.4   36.6   44.1   53.5   60.4   67.4
    Std. Dev. /Écart-type (RR)   22.8   33.9   41.3   50.7   57.6   64.5
        Std. Error/Erreur-type    5.1    7.7    9.6   11.9   13.7   15.4
               Coefficient (A)   17.0   23.6   28.0   33.6   37.7   41.8
         Exponent/Exposant (B) -0.619 -0.642 -0.651 -0.660 -0.664 -0.668
 Mean % Error/% erreur moyenne    8.8    7.1    6.8    6.9    7.0    7.2
